[gd_scene load_steps=32 format=3 uid="uid://bdxt84n3f5hyl"]

[ext_resource type="Script" uid="uid://tbh5wu80s6x6" path="res://Scripts/GameManager.cs" id="1_7rqgy"]
[ext_resource type="PackedScene" uid="uid://dinmhn3cmls06" path="res://Scenes/Elevator.tscn" id="1_hpc76"]
[ext_resource type="PackedScene" uid="uid://bg5dhuw1jx001" path="res://Scenes/Floors/Scene2_Floor2.tscn" id="3_y4jh7"]
[ext_resource type="PackedScene" uid="uid://bk10ug2j36i8r" path="res://Scenes/Floors/Scene1_Floor4.tscn" id="4_7rqgy"]
[ext_resource type="PackedScene" uid="uid://cghew80d8e872" path="res://Scenes/Floors/Scene3_Floor5.tscn" id="4_f140w"]
[ext_resource type="Script" uid="uid://ch47acqybk1sk" path="res://Scripts/XRViewport.cs" id="4_q68mp"]
[ext_resource type="PackedScene" uid="uid://box148mntjlle" path="res://Scenes/Floors/Scene4_Floor3.tscn" id="5_0iob3"]
[ext_resource type="PackedScene" uid="uid://do7fn1eakgnci" path="res://Scenes/Floors/Scene5_Floor6.tscn" id="6_0iob3"]
[ext_resource type="PackedScene" uid="uid://bpfinjadhqgd1" path="res://Scenes/XR_Player.tscn" id="7_4b75m"]
[ext_resource type="PackedScene" uid="uid://c8rvtqfnkv2h5" path="res://Scenes/Floors/Scene6_Floor2.tscn" id="7_8ju71"]
[ext_resource type="PackedScene" uid="uid://dyotj43j4mf2p" path="res://Scenes/Floors/Scene7_Floor1.tscn" id="8_xb4mg"]
[ext_resource type="PackedScene" uid="uid://cqs4saf6ajt8" path="res://Scenes/Floors/FinalScene.tscn" id="9_6t1o7"]
[ext_resource type="Shader" uid="uid://qg3jnxmom3wj" path="res://Scenes/pielfilter.gdshader" id="10_4b75m"]

[sub_resource type="ShaderMaterial" id="ShaderMaterial_4b75m"]
render_priority = 0
shader = ExtResource("10_4b75m")
shader_parameter/TwixelAngle = 45.0
shader_parameter/PixelSize = 2.0
shader_parameter/Quantize = false
shader_parameter/Posterize = true
shader_parameter/ColorSteps = 16

[sub_resource type="QuadMesh" id="QuadMesh_0iob3"]
lightmap_size_hint = Vector2i(7, 7)
material = SubResource("ShaderMaterial_4b75m")
flip_faces = true

[sub_resource type="AnimationNodeAnimation" id="AnimationNodeAnimation_5qxwa"]
animation = &"Grip"

[sub_resource type="AnimationNodeAnimation" id="AnimationNodeAnimation_xc4hf"]
animation = &"Grip"

[sub_resource type="AnimationNodeBlend2" id="AnimationNodeBlend2_6rnll"]
filter_enabled = true
filters = ["Armature/Skeleton3D:Little_Distal_L", "Armature/Skeleton3D:Little_Intermediate_L", "Armature/Skeleton3D:Little_Metacarpal_L", "Armature/Skeleton3D:Little_Proximal_L", "Armature/Skeleton3D:Middle_Distal_L", "Armature/Skeleton3D:Middle_Intermediate_L", "Armature/Skeleton3D:Middle_Metacarpal_L", "Armature/Skeleton3D:Middle_Proximal_L", "Armature/Skeleton3D:Ring_Distal_L", "Armature/Skeleton3D:Ring_Intermediate_L", "Armature/Skeleton3D:Ring_Metacarpal_L", "Armature/Skeleton3D:Ring_Proximal_L", "Armature/Skeleton3D:Thumb_Distal_L", "Armature/Skeleton3D:Thumb_Metacarpal_L", "Armature/Skeleton3D:Thumb_Proximal_L", "Armature/Skeleton:Little_Distal_L", "Armature/Skeleton:Little_Intermediate_L", "Armature/Skeleton:Little_Proximal_L", "Armature/Skeleton:Middle_Distal_L", "Armature/Skeleton:Middle_Intermediate_L", "Armature/Skeleton:Middle_Proximal_L", "Armature/Skeleton:Ring_Distal_L", "Armature/Skeleton:Ring_Intermediate_L", "Armature/Skeleton:Ring_Proximal_L", "Armature/Skeleton:Thumb_Distal_L", "Armature/Skeleton:Thumb_Proximal_L"]

[sub_resource type="AnimationNodeAnimation" id="AnimationNodeAnimation_enc0b"]
animation = &"Grip 5"

[sub_resource type="AnimationNodeBlend2" id="AnimationNodeBlend2_hx8n4"]
filter_enabled = true
filters = ["Armature/Skeleton3D:Index_Distal_L", "Armature/Skeleton3D:Index_Intermediate_L", "Armature/Skeleton3D:Index_Metacarpal_L", "Armature/Skeleton3D:Index_Proximal_L", "Armature/Skeleton:Index_Distal_L", "Armature/Skeleton:Index_Intermediate_L", "Armature/Skeleton:Index_Proximal_L"]

[sub_resource type="AnimationNodeBlendTree" id="AnimationNodeBlendTree_i0j58"]
graph_offset = Vector2(-536, 11)
nodes/ClosedHand1/node = SubResource("AnimationNodeAnimation_5qxwa")
nodes/ClosedHand1/position = Vector2(-600, 300)
nodes/ClosedHand2/node = SubResource("AnimationNodeAnimation_xc4hf")
nodes/ClosedHand2/position = Vector2(-360, 300)
nodes/Grip/node = SubResource("AnimationNodeBlend2_6rnll")
nodes/Grip/position = Vector2(0, 20)
nodes/OpenHand/node = SubResource("AnimationNodeAnimation_enc0b")
nodes/OpenHand/position = Vector2(-600, 100)
nodes/Trigger/node = SubResource("AnimationNodeBlend2_hx8n4")
nodes/Trigger/position = Vector2(-360, 20)
node_connections = [&"Grip", 0, &"Trigger", &"Grip", 1, &"ClosedHand2", &"Trigger", 0, &"OpenHand", &"Trigger", 1, &"ClosedHand1", &"output", 0, &"Grip"]

[sub_resource type="AnimationNodeAnimation" id="AnimationNodeAnimation_c1ier"]
animation = &"Grip"

[sub_resource type="AnimationNodeAnimation" id="AnimationNodeAnimation_gyaec"]
animation = &"Grip"

[sub_resource type="AnimationNodeBlend2" id="AnimationNodeBlend2_bpy1e"]
filter_enabled = true
filters = ["Armature/Skeleton3D:Little_Distal_R", "Armature/Skeleton3D:Little_Intermediate_R", "Armature/Skeleton3D:Little_Metacarpal_R", "Armature/Skeleton3D:Little_Proximal_R", "Armature/Skeleton3D:Middle_Distal_R", "Armature/Skeleton3D:Middle_Intermediate_R", "Armature/Skeleton3D:Middle_Metacarpal_R", "Armature/Skeleton3D:Middle_Proximal_R", "Armature/Skeleton3D:Ring_Distal_R", "Armature/Skeleton3D:Ring_Intermediate_R", "Armature/Skeleton3D:Ring_Metacarpal_R", "Armature/Skeleton3D:Ring_Proximal_R", "Armature/Skeleton3D:Thumb_Distal_R", "Armature/Skeleton3D:Thumb_Metacarpal_R", "Armature/Skeleton3D:Thumb_Proximal_R", "Armature/Skeleton:Little_Distal_R", "Armature/Skeleton:Little_Intermediate_R", "Armature/Skeleton:Little_Proximal_R", "Armature/Skeleton:Middle_Distal_R", "Armature/Skeleton:Middle_Intermediate_R", "Armature/Skeleton:Middle_Proximal_R", "Armature/Skeleton:Ring_Distal_R", "Armature/Skeleton:Ring_Intermediate_R", "Armature/Skeleton:Ring_Proximal_R", "Armature/Skeleton:Thumb_Distal_R", "Armature/Skeleton:Thumb_Proximal_R"]

[sub_resource type="AnimationNodeAnimation" id="AnimationNodeAnimation_p5ymy"]
animation = &"Grip 5"

[sub_resource type="AnimationNodeBlend2" id="AnimationNodeBlend2_3va76"]
filter_enabled = true
filters = ["Armature/Skeleton3D:Index_Distal_R", "Armature/Skeleton3D:Index_Intermediate_R", "Armature/Skeleton3D:Index_Metacarpal_R", "Armature/Skeleton3D:Index_Proximal_R", "Armature/Skeleton:Index_Distal_R", "Armature/Skeleton:Index_Intermediate_R", "Armature/Skeleton:Index_Proximal_R"]

[sub_resource type="AnimationNodeBlendTree" id="AnimationNodeBlendTree_wmecs"]
graph_offset = Vector2(-552.664, 107.301)
nodes/ClosedHand1/node = SubResource("AnimationNodeAnimation_c1ier")
nodes/ClosedHand1/position = Vector2(-600, 300)
nodes/ClosedHand2/node = SubResource("AnimationNodeAnimation_gyaec")
nodes/ClosedHand2/position = Vector2(-360, 300)
nodes/Grip/node = SubResource("AnimationNodeBlend2_bpy1e")
nodes/Grip/position = Vector2(0, 40)
nodes/OpenHand/node = SubResource("AnimationNodeAnimation_p5ymy")
nodes/OpenHand/position = Vector2(-600, 100)
nodes/Trigger/node = SubResource("AnimationNodeBlend2_3va76")
nodes/Trigger/position = Vector2(-360, 40)
node_connections = [&"Grip", 0, &"Trigger", &"Grip", 1, &"ClosedHand2", &"Trigger", 0, &"OpenHand", &"Trigger", 1, &"ClosedHand1", &"output", 0, &"Grip"]

[sub_resource type="ProceduralSkyMaterial" id="ProceduralSkyMaterial_tr2i4"]
sky_horizon_color = Color(0.662243, 0.671743, 0.686743, 1)
ground_horizon_color = Color(0.662243, 0.671743, 0.686743, 1)

[sub_resource type="Sky" id="Sky_nhkr4"]
sky_material = SubResource("ProceduralSkyMaterial_tr2i4")

[sub_resource type="Environment" id="Environment_7rqgy"]
background_energy_multiplier = 0.0
sky = SubResource("Sky_nhkr4")
ambient_light_energy = 0.0
tonemap_mode = 2

[sub_resource type="BoxShape3D" id="BoxShape3D_7rqgy"]
size = Vector3(1, 1.83649, 1.31494)

[node name="MainScene" type="Node3D" node_paths=PackedStringArray("_currentFloor", "Elevator")]
script = ExtResource("1_7rqgy")
_currentFloor = NodePath("Scene1_Floor4")
FloorContainerPath = NodePath("ElevatorContainer")
SceneList = Array[PackedScene]([ExtResource("4_7rqgy"), ExtResource("3_y4jh7"), ExtResource("4_f140w"), ExtResource("5_0iob3"), ExtResource("6_0iob3"), ExtResource("7_8ju71"), ExtResource("8_xb4mg"), ExtResource("9_6t1o7")])
Elevator = NodePath("Elevator")

[node name="XrPlayer" parent="." instance=ExtResource("7_4b75m")]
transform = Transform3D(1, 0, 0, 0, 1, 0, 0, 0, 1, -7.4941, 0.192183, 13.1323)

[node name="Filter" type="MeshInstance3D" parent="XrPlayer/XROrigin3D/XRCamera3D" index="0"]
transform = Transform3D(-4.37114e-08, 0, -1, 0, 1, 0, 1, 0, -4.37114e-08, 0, 0.052641, -0.329476)
visible = false
mesh = SubResource("QuadMesh_0iob3")
skeleton = NodePath("")

[node name="Skeleton3D" parent="XrPlayer/XROrigin3D/LeftHand/LeftHand/Hand_low_L/Armature" index="0"]
bones/1/rotation = Quaternion(0.323537, -2.56581e-05, -0.0272204, 0.945824)
bones/2/rotation = Quaternion(-0.0904441, -0.0415175, -0.166293, 0.981042)
bones/3/rotation = Quaternion(-0.0466199, 0.020971, 0.0103276, 0.998639)
bones/5/rotation = Quaternion(-0.00128455, -0.0116081, -0.0168259, 0.99979)
bones/6/rotation = Quaternion(0.102925, -0.00993208, -0.00794417, 0.994608)
bones/7/rotation = Quaternion(-0.012859, -0.0236108, -0.323258, 0.945929)
bones/8/rotation = Quaternion(0.0120575, -0.00929194, -0.247472, 0.968775)
bones/10/rotation = Quaternion(-0.0357539, -0.000400032, 0.00636764, 0.99934)
bones/11/rotation = Quaternion(-0.00264964, -0.00114471, -0.125992, 0.992027)
bones/12/rotation = Quaternion(0.0394225, 0.00193393, -0.228074, 0.972843)
bones/13/rotation = Quaternion(-0.0123395, -0.00881294, -0.280669, 0.959685)
bones/15/rotation = Quaternion(-0.0702656, 0.0101908, -0.0243307, 0.99718)
bones/16/rotation = Quaternion(-0.0320634, -0.00223624, -0.0686366, 0.997124)
bones/17/rotation = Quaternion(0.0253452, 0.00812462, -0.249005, 0.968136)
bones/18/rotation = Quaternion(0.00252232, 0.00788073, -0.243204, 0.96994)
bones/20/rotation = Quaternion(-0.0917369, 0.0203027, -0.010183, 0.995524)
bones/21/rotation = Quaternion(-0.0625182, -0.00022572, -0.115393, 0.991351)
bones/22/rotation = Quaternion(0.0585786, 0.0216483, -0.269905, 0.96086)
bones/23/rotation = Quaternion(0.00687177, -0.00357275, -0.211953, 0.977249)

[node name="BoneAttachment3D" parent="XrPlayer/XROrigin3D/LeftHand/LeftHand/Hand_low_L/Armature/Skeleton3D" index="1"]
transform = Transform3D(0.54083, 0.840813, -0.0231736, -0.0826267, 0.0805243, 0.993322, 0.837064, -0.535303, 0.113023, 0.039902, 0.0402828, -0.150096)

[node name="RigidBody3D" parent="XrPlayer/XROrigin3D/LeftHand/LeftHand/Hand_low_L/Armature/Skeleton3D/BoneAttachment3D" index="0" groups=["Player", "PlayerHand", "player_body"]]
collision_layer = 65536

[node name="MeshInstance3D" parent="XrPlayer/XROrigin3D/LeftHand/LeftHand/Hand_low_L/Armature/Skeleton3D/BoneAttachment3D/RigidBody3D" index="1" groups=["Player", "PlayerHand", "player_body"]]

[node name="Hand" parent="XrPlayer/XROrigin3D/LeftHand/LeftHand/Hand_low_L/Armature/Skeleton3D" index="2"]
transform = Transform3D(1, -1.83077e-05, 1.5264e-08, 1.52677e-08, 0.00166774, 0.999999, -1.83077e-05, -0.999999, 0.00166774, 3.86425e-08, -1.86975e-05, 0.0271756)

[node name="Finger0_1" parent="XrPlayer/XROrigin3D/LeftHand/LeftHand/Hand_low_L/Armature/Skeleton3D" index="3"]
transform = Transform3D(0.921479, 0.383958, -0.0587628, -0.124052, 0.434264, 0.892203, 0.368087, -0.814856, 0.447796, 0.012311, 0.0475754, -0.0353648)

[node name="Finger0_2" parent="XrPlayer/XROrigin3D/LeftHand/LeftHand/Hand_low_L/Armature/Skeleton3D" index="4"]
transform = Transform3D(0.930159, 0.366844, 0.0151708, -0.154037, 0.352396, 0.923087, 0.333283, -0.860954, 0.384292, 0.028494, 0.0658787, -0.0697092)

[node name="Finger1_1" parent="XrPlayer/XROrigin3D/LeftHand/LeftHand/Hand_low_L/Armature/Skeleton3D" index="5"]
transform = Transform3D(0.997821, 0.0419384, -0.0509326, 0.0413169, 0.204661, 0.97796, 0.0514381, -0.977934, 0.202483, -0.00729559, 0.0223907, -0.0802861)

[node name="Finger1_2" parent="XrPlayer/XROrigin3D/LeftHand/LeftHand/Hand_low_L/Armature/Skeleton3D" index="6"]
transform = Transform3D(0.759851, 0.644453, -0.0854741, -0.040588, 0.178251, 0.983148, 0.648829, -0.743577, 0.161601, -0.00569705, 0.0301916, -0.117561)

[node name="Finger1_3" parent="XrPlayer/XROrigin3D/LeftHand/LeftHand/Hand_low_L/Armature/Skeleton3D" index="7"]
transform = Transform3D(0.356468, 0.927111, -0.115741, -0.109286, 0.164404, 0.98032, 0.927894, -0.336804, 0.159925, 0.0145038, 0.035779, -0.140869)

[node name="Finger2_1" parent="XrPlayer/XROrigin3D/LeftHand/LeftHand/Hand_low_L/Armature/Skeleton3D" index="8"]
transform = Transform3D(0.971345, 0.237654, -0.00293004, 0.0207339, -0.0724503, 0.997156, 0.236766, -0.968644, -0.0753018, -0.0110237, -0.00206236, -0.0802245)

[node name="Finger2_2" parent="XrPlayer/XROrigin3D/LeftHand/LeftHand/Hand_low_L/Armature/Skeleton3D" index="9"]
transform = Transform3D(0.764922, 0.643161, -0.0351718, 0.0290327, 0.0201225, 0.999376, 0.643468, -0.765466, -0.00328059, -0.000328456, -0.00532286, -0.123817)

[node name="Finger2_3" parent="XrPlayer/XROrigin3D/LeftHand/LeftHand/Hand_low_L/Armature/Skeleton3D" index="10"]
transform = Transform3D(0.297115, 0.95453, -0.0243818, 0.0374454, 0.0138673, 0.999202, 0.954107, -0.297791, -0.0316226, 0.0205207, -0.00467056, -0.148631)

[node name="Finger3_1" parent="XrPlayer/XROrigin3D/LeftHand/LeftHand/Hand_low_L/Armature/Skeleton3D" index="11"]
transform = Transform3D(0.982964, 0.181854, 0.0266582, 0.0109494, -0.202722, 0.979175, 0.183471, -0.962202, -0.20126, -0.00651963, -0.0233502, -0.0731075)

[node name="Finger3_2" parent="XrPlayer/XROrigin3D/LeftHand/LeftHand/Hand_low_L/Armature/Skeleton3D" index="12"]
transform = Transform3D(0.772579, 0.634603, 0.0200164, 0.0794845, -0.127948, 0.98859, 0.629924, -0.762173, -0.149291, 0.000778394, -0.0314857, -0.111722)

[node name="Finger3_3" parent="XrPlayer/XROrigin3D/LeftHand/LeftHand/Hand_low_L/Armature/Skeleton3D" index="13"]
transform = Transform3D(0.381387, 0.924068, 0.025339, 0.114105, -0.0742599, 0.990689, 0.917346, -0.374945, -0.133762, 0.0184188, -0.0350424, -0.132908)

[node name="Finger4_1" parent="XrPlayer/XROrigin3D/LeftHand/LeftHand/Hand_low_L/Armature/Skeleton3D" index="14"]
transform = Transform3D(0.969212, 0.239304, 0.0579745, 0.0185535, -0.305761, 0.951928, 0.245527, -0.921544, -0.300787, 0.00108587, -0.0418952, -0.0645756)

[node name="Finger4_2" parent="XrPlayer/XROrigin3D/LeftHand/LeftHand/Hand_low_L/Armature/Skeleton3D" index="15"]
transform = Transform3D(0.699331, 0.713816, 0.0374602, 0.103947, -0.153407, 0.982681, 0.707199, -0.683325, -0.181481, 0.00901247, -0.0520231, -0.0951004)

[node name="Finger4_3" parent="XrPlayer/XROrigin3D/LeftHand/LeftHand/Hand_low_L/Armature/Skeleton3D" index="16"]
transform = Transform3D(0.340891, 0.939844, 0.0220291, 0.162162, -0.081867, 0.983362, 0.926011, -0.331647, -0.180315, 0.0218786, -0.0547881, -0.107417)

[node name="AnimationTree" parent="XrPlayer/XROrigin3D/LeftHand/LeftHand" index="1"]
tree_root = SubResource("AnimationNodeBlendTree_i0j58")

[node name="Skeleton3D" parent="XrPlayer/XROrigin3D/RightHand/RightHand/Hand_low_R/Armature" index="0"]
bones/1/rotation = Quaternion(0.323537, 2.56581e-05, 0.0272204, 0.945824)
bones/2/rotation = Quaternion(-0.0904441, 0.0415175, 0.166293, 0.981042)
bones/3/rotation = Quaternion(-0.0466199, -0.020971, -0.0103276, 0.998639)
bones/5/rotation = Quaternion(-0.00128455, 0.0116081, 0.0168259, 0.99979)
bones/6/rotation = Quaternion(0.102925, 0.00993208, 0.00794419, 0.994608)
bones/7/rotation = Quaternion(-0.012859, 0.0236108, 0.323258, 0.945929)
bones/8/rotation = Quaternion(0.0120575, 0.00929193, 0.247472, 0.968775)
bones/10/rotation = Quaternion(-0.0357539, 0.000400032, -0.00636763, 0.99934)
bones/11/rotation = Quaternion(-0.00264964, 0.00114471, 0.125992, 0.992027)
bones/12/rotation = Quaternion(0.0394225, -0.00193393, 0.228074, 0.972843)
bones/13/rotation = Quaternion(-0.0123395, 0.00881294, 0.280669, 0.959685)
bones/15/rotation = Quaternion(-0.0702656, -0.0101908, 0.0243307, 0.99718)
bones/16/rotation = Quaternion(-0.0320634, 0.00223624, 0.0686366, 0.997124)
bones/17/rotation = Quaternion(0.0253452, -0.00812462, 0.249005, 0.968136)
bones/18/rotation = Quaternion(0.00252233, -0.00788073, 0.243204, 0.96994)
bones/20/rotation = Quaternion(-0.0917369, -0.0203027, 0.010183, 0.995524)
bones/21/rotation = Quaternion(-0.0625182, 0.000225721, 0.115393, 0.991351)
bones/22/rotation = Quaternion(0.0585786, -0.0216483, 0.269905, 0.96086)
bones/23/rotation = Quaternion(0.00687177, 0.00357275, 0.211953, 0.977249)

[node name="BoneAttachment3D" parent="XrPlayer/XROrigin3D/RightHand/RightHand/Hand_low_R/Armature/Skeleton3D" index="1"]
transform = Transform3D(0.540829, -0.840813, 0.0231736, 0.0826268, 0.0805242, 0.993322, -0.837064, -0.535303, 0.113024, -0.039902, 0.0402828, -0.150096)

[node name="RigidBody3D" parent="XrPlayer/XROrigin3D/RightHand/RightHand/Hand_low_R/Armature/Skeleton3D/BoneAttachment3D" index="0" groups=["Player", "PlayerHand", "player_body"]]
collision_layer = 65536

[node name="CollisionShape3D" parent="XrPlayer/XROrigin3D/RightHand/RightHand/Hand_low_R/Armature/Skeleton3D/BoneAttachment3D/RigidBody3D" index="0" groups=["player_body"]]

[node name="MeshInstance3D" parent="XrPlayer/XROrigin3D/RightHand/RightHand/Hand_low_R/Armature/Skeleton3D/BoneAttachment3D/RigidBody3D" index="1" groups=["Player", "PlayerHand", "player_body"]]

[node name="Hand" parent="XrPlayer/XROrigin3D/RightHand/RightHand/Hand_low_R/Armature/Skeleton3D" index="2"]
transform = Transform3D(1, 1.83077e-05, -1.5264e-08, -1.52677e-08, 0.00166774, 0.999999, 1.83077e-05, -0.999999, 0.00166774, -3.86425e-08, -1.86975e-05, 0.0271756)

[node name="Finger0_1" parent="XrPlayer/XROrigin3D/RightHand/RightHand/Hand_low_R/Armature/Skeleton3D" index="3"]
transform = Transform3D(0.921479, -0.383958, 0.0587628, 0.124052, 0.434264, 0.892203, -0.368087, -0.814856, 0.447796, -0.012311, 0.0475754, -0.0353648)

[node name="Finger0_2" parent="XrPlayer/XROrigin3D/RightHand/RightHand/Hand_low_R/Armature/Skeleton3D" index="4"]
transform = Transform3D(0.930159, -0.366844, -0.0151708, 0.154037, 0.352396, 0.923087, -0.333283, -0.860954, 0.384292, -0.028494, 0.0658787, -0.0697092)

[node name="Finger1_1" parent="XrPlayer/XROrigin3D/RightHand/RightHand/Hand_low_R/Armature/Skeleton3D" index="5"]
transform = Transform3D(0.997821, -0.0419385, 0.0509327, -0.0413169, 0.204661, 0.97796, -0.0514381, -0.977934, 0.202483, 0.00729559, 0.0223907, -0.0802861)

[node name="Finger1_2" parent="XrPlayer/XROrigin3D/RightHand/RightHand/Hand_low_R/Armature/Skeleton3D" index="6"]
transform = Transform3D(0.759851, -0.644453, 0.0854741, 0.0405881, 0.178251, 0.983148, -0.648829, -0.743577, 0.161601, 0.00569705, 0.0301916, -0.117561)

[node name="Finger1_3" parent="XrPlayer/XROrigin3D/RightHand/RightHand/Hand_low_R/Armature/Skeleton3D" index="7"]
transform = Transform3D(0.356467, -0.927111, 0.115741, 0.109286, 0.164404, 0.98032, -0.927894, -0.336803, 0.159925, -0.0145038, 0.035779, -0.140869)

[node name="Finger2_1" parent="XrPlayer/XROrigin3D/RightHand/RightHand/Hand_low_R/Armature/Skeleton3D" index="8"]
transform = Transform3D(0.971345, -0.237654, 0.00293004, -0.0207339, -0.0724503, 0.997156, -0.236766, -0.968644, -0.0753018, 0.0110237, -0.00206236, -0.0802245)

[node name="Finger2_2" parent="XrPlayer/XROrigin3D/RightHand/RightHand/Hand_low_R/Armature/Skeleton3D" index="9"]
transform = Transform3D(0.764922, -0.643162, 0.0351718, -0.0290327, 0.0201225, 0.999376, -0.643468, -0.765466, -0.00328059, 0.00032845, -0.00532286, -0.123817)

[node name="Finger2_3" parent="XrPlayer/XROrigin3D/RightHand/RightHand/Hand_low_R/Armature/Skeleton3D" index="10"]
transform = Transform3D(0.297115, -0.95453, 0.0243818, -0.0374454, 0.0138673, 0.999202, -0.954107, -0.297791, -0.0316226, -0.0205207, -0.00467055, -0.148631)

[node name="Finger3_1" parent="XrPlayer/XROrigin3D/RightHand/RightHand/Hand_low_R/Armature/Skeleton3D" index="11"]
transform = Transform3D(0.982964, -0.181854, -0.0266582, -0.0109494, -0.202722, 0.979175, -0.183471, -0.962202, -0.20126, 0.00651963, -0.0233502, -0.0731075)

[node name="Finger3_2" parent="XrPlayer/XROrigin3D/RightHand/RightHand/Hand_low_R/Armature/Skeleton3D" index="12"]
transform = Transform3D(0.772579, -0.634603, -0.0200164, -0.0794844, -0.127948, 0.98859, -0.629924, -0.762173, -0.149291, -0.000778396, -0.0314857, -0.111722)

[node name="Finger3_3" parent="XrPlayer/XROrigin3D/RightHand/RightHand/Hand_low_R/Armature/Skeleton3D" index="13"]
transform = Transform3D(0.381387, -0.924068, -0.025339, -0.114105, -0.0742599, 0.990689, -0.917346, -0.374945, -0.133762, -0.0184188, -0.0350424, -0.132908)

[node name="Finger4_1" parent="XrPlayer/XROrigin3D/RightHand/RightHand/Hand_low_R/Armature/Skeleton3D" index="14"]
transform = Transform3D(0.969212, -0.239304, -0.0579745, -0.0185535, -0.305761, 0.951928, -0.245527, -0.921544, -0.300787, -0.00108587, -0.0418952, -0.0645756)

[node name="Finger4_2" parent="XrPlayer/XROrigin3D/RightHand/RightHand/Hand_low_R/Armature/Skeleton3D" index="15"]
transform = Transform3D(0.699331, -0.713816, -0.0374602, -0.103947, -0.153407, 0.982681, -0.707199, -0.683325, -0.181481, -0.00901247, -0.0520231, -0.0951004)

[node name="Finger4_3" parent="XrPlayer/XROrigin3D/RightHand/RightHand/Hand_low_R/Armature/Skeleton3D" index="16"]
transform = Transform3D(0.340891, -0.939844, -0.0220291, -0.162162, -0.081867, 0.983362, -0.926011, -0.331647, -0.180315, -0.0218786, -0.0547881, -0.107417)

[node name="AnimationTree" parent="XrPlayer/XROrigin3D/RightHand/RightHand" index="1"]
tree_root = SubResource("AnimationNodeBlendTree_wmecs")

[node name="XRController" type="Node3D" parent="."]
transform = Transform3D(1, 0, 0, 0, 1, 0, 0, 0, 1, -7.5349, 0, 13.2342)
script = ExtResource("4_q68mp")

[node name="Elevator" parent="." instance=ExtResource("1_hpc76")]
transform = Transform3D(1, 0, 0, 0, 1.07881, 0, 0, 0, 1, 0, -0.210048, 0.142914)

[node name="ElevatorContainer" type="Node3D" parent="."]

[node name="WorldEnvironment" type="WorldEnvironment" parent="."]
environment = SubResource("Environment_7rqgy")

[node name="Scene1_Floor4" parent="." instance=ExtResource("4_7rqgy")]
transform = Transform3D(1, 0, 0, 0, 1, 0, 0, 0, 1, 0.027, 0, 0.195)

[node name="Area3D" type="Area3D" parent="Scene1_Floor4"]
transform = Transform3D(1, 0, 0, 0, 1, 0, 0, 0, 1, 0, 0.859781, 0)
collision_mask = 65537

[node name="CollisionShape3D" type="CollisionShape3D" parent="Scene1_Floor4/Area3D"]
transform = Transform3D(1, 0, 0, 0, 1, 0, 0, 0, 1, 0, 0.418243, -0.12915)
shape = SubResource("BoxShape3D_7rqgy")

[editable path="XrPlayer"]
[editable path="XrPlayer/XROrigin3D/LeftHand/LeftHand"]
[editable path="XrPlayer/XROrigin3D/LeftHand/LeftHand/Hand_low_L"]
[editable path="XrPlayer/XROrigin3D/RightHand/RightHand"]
[editable path="XrPlayer/XROrigin3D/RightHand/RightHand/Hand_low_R"]
