[gd_scene load_steps=19 format=3 uid="uid://cghew80d8e872"]

[ext_resource type="Script" uid="uid://c4g00y14fo4ng" path="res://Scripts/Scene3FloorController.cs" id="1_31cuc"]
[ext_resource type="PackedScene" uid="uid://ddneys6hhnini" path="res://Models/Classroom/SimpleFloor.tscn" id="2_75sb2"]
[ext_resource type="ArrayMesh" uid="uid://bgne7aoj26tun" path="res://Models/Light01.vox" id="3_f5k57"]
[ext_resource type="Script" uid="uid://bdhrn8etx58n2" path="res://Scripts/BlinkingLight.cs" id="4_3fasx"]
[ext_resource type="PackedScene" uid="uid://bs71cxdouhb0u" path="res://Models/KuManThong/kuman_tong.tscn" id="4_lnes4"]
[ext_resource type="Script" uid="uid://f3wjrcxt2cm3" path="res://Scripts/Scene3KumanThong.cs" id="5_31cuc"]
[ext_resource type="PackedScene" uid="uid://4bh5bvr6jtpr" path="res://Models/Door/Door.tscn" id="7_u6agb"]
[ext_resource type="PackedScene" uid="uid://bwtpfxjpg2w2p" path="res://Models/Chair/Chair_12.fbx" id="8_cuojo"]
[ext_resource type="PackedScene" uid="uid://bosp3baam0wet" path="res://Models/Desk/desk.tscn" id="9_7pjfb"]
[ext_resource type="PackedScene" uid="uid://biux736h6i365" path="res://Models/StorageCabinet/storage_cabinet.tscn" id="11_7pjfb"]
[ext_resource type="PackedScene" uid="uid://ccm70bu4r0y1s" path="res://Models/Board/board.tscn" id="11_oo86m"]
[ext_resource type="PackedScene" uid="uid://b41045fvgsk7e" path="res://Models/Clock/Clock_13.fbx" id="12_oo86m"]

[sub_resource type="BoxShape3D" id="BoxShape3D_u6agb"]
size = Vector3(1, 1.62518, 1)

[sub_resource type="BoxShape3D" id="BoxShape3D_31cuc"]
size = Vector3(14.8738, 4.06842, 1)

[sub_resource type="BoxShape3D" id="BoxShape3D_cuojo"]
size = Vector3(2.01172, 3.11804, 1.18628)

[sub_resource type="BoxShape3D" id="BoxShape3D_75sb2"]
size = Vector3(0.2, 0.4, 0.2)

[sub_resource type="StandardMaterial3D" id="StandardMaterial3D_oo86m"]
albedo_color = Color(1, 0.18, 0.18, 1)

[sub_resource type="BoxMesh" id="BoxMesh_f5k57"]
material = SubResource("StandardMaterial3D_oo86m")
size = Vector3(0.2, 0.4, 0.2)

[node name="Scene3_Floor5" type="Node3D"]
script = ExtResource("1_31cuc")

[node name="SimpleFloor" parent="." instance=ExtResource("2_75sb2")]
transform = Transform3D(-4.37114e-08, 0, -1, 0, 1, 0, 1, 0, -4.37114e-08, -4.80001, -0.0999999, 16.1663)

[node name="RoomNameBoard" parent="SimpleFloor" index="9"]
transform = Transform3D(1, 4.37114e-08, -4.37053e-08, -4.37114e-08, 0.000139713, -1, -4.37053e-08, 1, 0.000139713, 45.7933, 1.97877, -5.86651)

[node name="Board5" parent="SimpleFloor" index="14"]
transform = Transform3D(0.951315, -0.30822, 2.12809e-09, 0.30822, 0.951315, -1.34727e-08, 2.12809e-09, 1.34727e-08, 1, 0.457405, 0.60448, -2.48907)

[node name="Board6" parent="SimpleFloor" index="15"]
transform = Transform3D(-0.981591, -0.190976, 0.00283003, -4.37066e-08, 0.0148173, 0.99989, -0.190997, 0.981483, -0.0145445, -12.1658, 0.211084, -6.50084)

[node name="Board7" parent="SimpleFloor" index="16"]
transform = Transform3D(-0.881913, 0.471412, -8.22611e-08, 0.471412, 0.881913, 2.06061e-08, 8.22611e-08, -2.06061e-08, -1, -9.65829, 0.798962, -6.91406)

[node name="RoomTag2" parent="SimpleFloor" index="17"]
transform = Transform3D(1, -7.652e-09, -6.7498e-10, 7.652e-09, 0.984558, 0.175057, -6.7498e-10, -0.175057, 0.984558, -2.5, 2.37863, -2.79825)

[node name="Door6" parent="SimpleFloor" index="26"]
visible = false

[node name="CollisionShape3D" parent="SimpleFloor/Door6/StaticBody3D" index="0"]
disabled = true

[node name="CollisionShape3D2" parent="SimpleFloor/Door6/StaticBody3D" index="1"]
disabled = true

[node name="Door7" parent="SimpleFloor" index="27"]
transform = Transform3D(0.714131, 0, 0.700013, 0, 1, 0, -0.700013, 0, 0.714131, 46.5183, 0.0899995, -4.60361)

[node name="Light01" parent="SimpleFloor/Light01" index="0" node_paths=PackedStringArray("_light")]
script = ExtResource("4_3fasx")
_light = NodePath("OmniLight3D")

[node name="OmniLight3D" parent="SimpleFloor/Light01/Light01" index="0"]
light_energy = 1.0
shadow_enabled = true
shadow_bias = 1.0
shadow_opacity = 0.2
omni_range = 10.0
omni_attenuation = 3.848

[node name="Light01" parent="SimpleFloor/Light04" index="0"]
transform = Transform3D(0.0764394, -0.996462, 8.00754e-08, 0.906309, 0.084043, -8.71134e-08, 7.28307e-08, 8.71134e-08, 1, 1.08874, -1.16559, -0.00115585)

[node name="OmniLight3D" parent="SimpleFloor/Light04/Light01" index="0"]
transform = Transform3D(1, 3.10315e-22, 7.10855e-15, -3.10315e-22, 1, -4.75544e-16, -7.10855e-15, 4.75544e-16, 1, -0.0634611, -0.323609, 0)
light_energy = 1.0
shadow_enabled = true
shadow_bias = 1.0
shadow_opacity = 0.2
omni_range = 10.0
omni_attenuation = 0.8

[node name="Light01" parent="SimpleFloor/Light05" index="0"]
transform = Transform3D(1, 0, -1.42109e-14, 0, 1, 0, 1.42109e-14, 0, 1, 1.00068e-07, 0, 1.14464)

[node name="OmniLight3D" parent="SimpleFloor/Light05/Light01" index="0"]
light_energy = 1.0
shadow_enabled = true
shadow_bias = 1.0
shadow_opacity = 0.2
omni_range = 10.0
omni_attenuation = 0.8

[node name="OmniLight3D" parent="SimpleFloor/Light02/Light01" index="0"]
visible = false
light_energy = 1.0
shadow_enabled = true
shadow_bias = 1.0
shadow_opacity = 0.2
omni_range = 10.0
omni_attenuation = 0.8

[node name="Light03" parent="SimpleFloor" index="36" node_paths=PackedStringArray("_light")]
script = ExtResource("4_3fasx")
_light = NodePath("Light01/OmniLight3D")

[node name="OmniLight3D" parent="SimpleFloor/Light03/Light01" index="0"]
light_energy = 1.0
shadow_enabled = true
shadow_bias = 1.0
shadow_opacity = 0.2
omni_range = 10.0
omni_attenuation = 2.324

[node name="Kuman Tong_3" parent="SimpleFloor" instance=ExtResource("4_lnes4")]
transform = Transform3D(0.998326, 0, -0.0578427, 0, 1, 0, 0.0578427, 0, 0.998326, -8.26926, 0.105958, -6.31888)
script = ExtResource("5_31cuc")

[node name="Area3D" type="Area3D" parent="SimpleFloor/Kuman Tong_3"]

[node name="CollisionShape3D" type="CollisionShape3D" parent="SimpleFloor/Kuman Tong_3/Area3D"]
transform = Transform3D(1, 0, 0, 0, 1, 0, 0, 0, 1, 0, 0.312592, 0)
shape = SubResource("BoxShape3D_u6agb")

[node name="Light06" type="MeshInstance3D" parent="SimpleFloor"]
transform = Transform3D(-4.37114e-08, 0, 1, 0, 1, 0, -1, 0, -4.37114e-08, -3.32436, 3.71921, 2.56586)
mesh = ExtResource("3_f5k57")

[node name="OmniLight3D" type="OmniLight3D" parent="SimpleFloor/Light06"]
transform = Transform3D(1, 3.10315e-22, 7.10855e-15, -3.10315e-22, 1, -4.75544e-16, -7.10855e-15, 4.75544e-16, 1, -0.0634611, -0.572698, -1.18453e-16)
shadow_enabled = true
shadow_bias = 1.0
shadow_opacity = 0.2
omni_range = 10.0
omni_attenuation = 1.372

[node name="Light07" type="MeshInstance3D" parent="SimpleFloor" node_paths=PackedStringArray("_light")]
transform = Transform3D(-4.37114e-08, 0, 1, 0, 1, 0, -1, 0, -4.37114e-08, 3.58556, 3.71921, 2.56586)
mesh = ExtResource("3_f5k57")
script = ExtResource("4_3fasx")
_light = NodePath("OmniLight3D")

[node name="OmniLight3D" type="OmniLight3D" parent="SimpleFloor/Light07"]
transform = Transform3D(1, 3.10315e-22, 7.10855e-15, -3.10315e-22, 1, -4.75544e-16, -7.10855e-15, 4.75544e-16, 1, -0.0634611, -0.572698, -1.18453e-16)
shadow_enabled = true
shadow_bias = 1.0
shadow_opacity = 0.2
omni_range = 6.73
omni_attenuation = 2.324

[node name="Door8" parent="SimpleFloor" instance=ExtResource("7_u6agb")]
transform = Transform3D(-0.802266, -0.596965, -0.00159411, -7.21645e-16, -0.00267034, 0.999996, -0.596967, 0.802263, 0.00214232, -1.85091, 0.204843, -1.69679)

[node name="StaticBody3D" type="StaticBody3D" parent="."]
transform = Transform3D(1, 0, 0, 0, 1, 0, 0, 0, 1, 0, 0.373257, 22.64)

[node name="CollisionShape3D" type="CollisionShape3D" parent="StaticBody3D"]
transform = Transform3D(1, 0, 0, 0, 1, 0, 0, 0, 1, -4.99979, 1.53421, 1.71478)
shape = SubResource("BoxShape3D_31cuc")

[node name="Area3D" type="Area3D" parent="."]

[node name="CollisionFloorCheck" type="CollisionShape3D" parent="Area3D"]
transform = Transform3D(1, 0, 0, 0, 1, 0, 0, 0, 1, 0, 1.05902, -0.258423)
shape = SubResource("BoxShape3D_cuojo")

[node name="Node3D" type="Node3D" parent="."]

[node name="Chair_12" parent="Node3D" instance=ExtResource("8_cuojo")]
transform = Transform3D(1, 0, 0, 0, 1, 0, 0, 0, 1, -6.88997, 0.000665486, 14.9206)

[node name="Chair_19" parent="Node3D" instance=ExtResource("8_cuojo")]
transform = Transform3D(1, 0, 0, 0, 1, 0, 0, 0, 1, -9.12744, 0.000665486, 17.5205)

[node name="Chair_21" parent="Node3D" instance=ExtResource("8_cuojo")]
transform = Transform3D(0.111174, 0, 0.993801, 0, 1, 0, -0.993801, 0, 0.111174, -11.2857, 0.000665486, 14.9104)

[node name="Chair_22" parent="Node3D" instance=ExtResource("8_cuojo")]
transform = Transform3D(-0.0111345, 0.994972, -0.0995325, -0.110615, -0.100153, -0.988804, -0.993801, 4.65368e-10, 0.111174, -11.2857, 1.15937, 14.9872)

[node name="Chair_15" parent="Node3D" instance=ExtResource("8_cuojo")]
transform = Transform3D(1, 0, 0, 0, 0.463822, -0.885928, 0, 0.885928, 0.463822, -7.215, 0.350606, 16.633)

[node name="Chair_13" parent="Node3D" instance=ExtResource("8_cuojo")]
transform = Transform3D(0.929442, 0.368968, 1.61281e-08, 0, -4.37114e-08, 1, 0.368968, -0.929442, -4.06272e-08, -8.26005, 0.393573, 14.7277)

[node name="Chair_23" parent="Node3D" instance=ExtResource("8_cuojo")]
transform = Transform3D(-0.673567, 0.739126, 3.23082e-08, 0, -4.37114e-08, 1, 0.739126, 0.673567, 2.94426e-08, -3.98228, 1.62169, 16.0276)

[node name="Chair_24" parent="Node3D" instance=ExtResource("8_cuojo")]
transform = Transform3D(-0.673567, 0.739126, 3.23082e-08, 0, -4.37114e-08, 1, 0.739126, 0.673567, 2.94426e-08, -3.98228, 1.62169, 16.0276)

[node name="Chair_14" parent="Node3D" instance=ExtResource("8_cuojo")]
transform = Transform3D(-0.359834, 0.933016, 4.07834e-08, 0, -4.37114e-08, 1, 0.933016, 0.359834, 1.57288e-08, -5.69583, 0.393573, 16.9474)

[node name="Desk_14" parent="Node3D" instance=ExtResource("9_7pjfb")]
transform = Transform3D(0.667936, 0, 0.744218, 0, 1, 0, -0.744218, 0, 0.667936, -3.90543, 0.000665009, 16.0438)

[node name="Desk_26" parent="Node3D" instance=ExtResource("9_7pjfb")]
transform = Transform3D(-0.473719, 0, 0.880676, 0, 1, 0, -0.880676, 0, -0.473719, -5.1917, -0.0286953, 15.3587)

[node name="Desk_27" parent="Node3D" instance=ExtResource("9_7pjfb")]
transform = Transform3D(-0.92323, 0, 0.384247, 0, 1, 0, -0.384247, 0, -0.92323, -4.53886, 1.17074, 15.602)

[node name="Desk_15" parent="Node3D" instance=ExtResource("9_7pjfb")]
transform = Transform3D(0.493942, 0, 0.869495, 0, 1, 0, -0.869495, 0, 0.493942, -7.34695, 0.000665009, 19.2276)

[node name="Desk_18" parent="Node3D" instance=ExtResource("9_7pjfb")]
transform = Transform3D(0.762668, -5.65442e-08, -0.64679, 0, -1, 8.74228e-08, -0.64679, -6.66746e-08, -0.762668, -5.19217, 1.20839, 19.3298)

[node name="Desk_19" parent="Node3D" instance=ExtResource("9_7pjfb")]
transform = Transform3D(0.625428, 0.572289, -0.530401, 0.436467, -0.820052, -0.370151, -0.64679, -6.66746e-08, -0.762668, -5.5376, 1.96313, 19.3342)

[node name="Desk_16" parent="Node3D" instance=ExtResource("9_7pjfb")]
transform = Transform3D(1, 0, 0, 0, 0.124467, -0.992224, 0, 0.992224, 0.124467, -7.2198, 0.472985, 16.9022)

[node name="Desk_20" parent="Node3D" instance=ExtResource("9_7pjfb")]
transform = Transform3D(0.821925, 0, 0.569595, 0, 1, 0, -0.569595, 0, 0.821925, -9.88636, 0.000665009, 21.2338)

[node name="Desk_21" parent="Node3D" instance=ExtResource("9_7pjfb")]
transform = Transform3D(0.762668, -5.65442e-08, -0.64679, 0, -1, 8.74228e-08, -0.64679, -6.66746e-08, -0.762668, -7.73158, 1.20839, 21.336)

[node name="Desk_23" parent="Node3D" instance=ExtResource("9_7pjfb")]
transform = Transform3D(0.981387, 0, 0.192042, 0, 1, 0, -0.192042, 0, 0.981387, -3.63899, 0.000665009, 18.7698)

[node name="Desk_30" parent="Node3D" instance=ExtResource("9_7pjfb")]
transform = Transform3D(0.981387, 0, 0.192042, 0, 1, 0, -0.192042, 0, 0.981387, -3.09874, 0.000665009, 17.2919)

[node name="Desk_24" parent="Node3D" instance=ExtResource("9_7pjfb")]
transform = Transform3D(0.762668, -5.65442e-08, -0.64679, 0, -1, 8.74228e-08, -0.64679, -6.66746e-08, -0.762668, -4.02362, 1.20839, 20.8783)

[node name="Desk_22" parent="Node3D" instance=ExtResource("9_7pjfb")]
transform = Transform3D(0.917893, 0.393742, 0.0493921, 4.9479e-09, 0.124467, -0.992224, -0.396827, 0.910755, 0.114248, -9.75921, 0.472985, 18.9084)

[node name="Desk_17" parent="Node3D" instance=ExtResource("9_7pjfb")]
transform = Transform3D(0.0491398, -0.655681, 0.753437, 0.997204, 0.074735, 0, -0.0563081, 0.75133, 0.65752, -10.1344, 0.502795, 15.3784)

[node name="Desk_29" parent="Node3D" instance=ExtResource("9_7pjfb")]
transform = Transform3D(0.0740451, -0.987998, 0.13556, 0.997204, 0.074735, 2.80677e-09, -0.0101311, 0.135181, 0.990769, -8.78351, 0.502795, 14.873)

[node name="Desk_28" parent="Node3D" instance=ExtResource("9_7pjfb")]
transform = Transform3D(0.0491398, -0.655681, 0.753437, 0.791065, -0.434975, -0.430132, 0.609756, 0.617154, 0.497312, -7.5542, 1.18044, 14.4954)

[node name="Chair_16" parent="Node3D" instance=ExtResource("8_cuojo")]
transform = Transform3D(0.377631, 0.925956, 4.04748e-08, 0, -4.37114e-08, 1, 0.925956, -0.377631, -1.65068e-08, -8.6601, 0.393573, 16.1816)

[node name="Chair_17" parent="Node3D" instance=ExtResource("8_cuojo")]
transform = Transform3D(0.117988, 0.993015, 4.34061e-08, 0, -4.37114e-08, 1, 0.993015, -0.117988, -5.15742e-09, -7.71, 0.393573, 16.3509)

[node name="Chair_20" parent="Node3D" instance=ExtResource("8_cuojo")]
transform = Transform3D(0.106534, 0.896616, -0.429802, 0.0507115, 0.4268, 0.902923, 0.993015, -0.117988, -6.95214e-09, -6.87549, 1.08422, 15.0597)

[node name="Chair_18" parent="Node3D" instance=ExtResource("8_cuojo")]
transform = Transform3D(0.972193, 0.234177, 0.001043, -0.00137515, 0.00125513, 0.999998, 0.234175, -0.972193, 0.00154225, -9.47343, 0.393573, 17.0303)

[node name="Desk_25" parent="Node3D" instance=ExtResource("9_7pjfb")]
transform = Transform3D(0.0683384, -0.911852, 0.404791, 0.997204, 0.074735, 2.80677e-09, -0.030252, 0.403658, 0.914409, -10.2796, 0.502795, 17.4803)

[node name="Board" parent="Node3D" instance=ExtResource("11_oo86m")]
transform = Transform3D(0.968492, 0.249045, 0, -0.249045, 0.968492, 0, 0, 0, 1, -9.1616, 0.355578, 9.41884)

[node name="Board2" parent="Node3D" instance=ExtResource("11_oo86m")]
transform = Transform3D(0.999871, -0.0160738, 0, 0.0160738, 0.999871, 0, 0, 0, 1, -5.54473, 1.22637, 9.41884)

[node name="Board3" parent="Node3D" instance=ExtResource("11_oo86m")]
transform = Transform3D(-3.05942e-08, 4.80612e-10, -0.7, 0.0109951, 0.699914, -3.8853e-17, 0.699914, -0.0109951, -3.0598e-08, -2.50505, 1.22637, 10.6197)

[node name="Board4" parent="Node3D" instance=ExtResource("11_oo86m")]
transform = Transform3D(0.00172776, 0.109985, -0.691303, 0.0108585, 0.691218, 0.109999, 0.699914, -0.0109951, -3.05865e-08, -2.62113, -0.00401449, 15.0984)

[node name="StorageCabinet_19" parent="Node3D" instance=ExtResource("11_7pjfb")]
transform = Transform3D(0.0483442, 0, -0.998831, 0, 1, 0, 0.998831, 0, 0.0483442, -11.9246, 0.630665, 11.7163)

[node name="StorageCabinet_20" parent="Node3D" instance=ExtResource("11_7pjfb")]
transform = Transform3D(0.993109, 0, 0.117191, 0, 1, 0, -0.117191, 0, 0.993109, -4.64918, 0.630665, 23.1405)

[node name="StorageCabinet_21" parent="Node3D" instance=ExtResource("11_7pjfb")]
transform = Transform3D(0.994056, 0, -0.108867, 0, 1, 0, 0.108867, 0, 0.994056, -9.60607, 0.630665, 23.1405)

[node name="Clock_13" parent="Node3D" instance=ExtResource("12_oo86m")]
transform = Transform3D(0.7, 0, 0, 0, 0.7, 0, 0, 0, 0.7, -7.99193, 2.30362, 9.41884)

[node name="RedWater" type="Node3D" parent="." groups=["Offer"]]
transform = Transform3D(1, 0, 0, 0, 1, 0, 0, 0, 1, -9.34762, 0.779467, 12.1692)

[node name="RigidBody3D" type="RigidBody3D" parent="RedWater" groups=["Offer"]]
transform = Transform3D(1, 0, 0, 0, 1, 0, 0, 0, 1, 0, -0.566074, 0)

[node name="CollisionShape3D" type="CollisionShape3D" parent="RedWater/RigidBody3D" groups=["Offer"]]
shape = SubResource("BoxShape3D_75sb2")

[node name="MeshInstance3D" type="MeshInstance3D" parent="RedWater/RigidBody3D"]
mesh = SubResource("BoxMesh_f5k57")
skeleton = NodePath("../../..")

[editable path="SimpleFloor"]
[editable path="SimpleFloor/Door6"]
[editable path="SimpleFloor/Light01"]
[editable path="SimpleFloor/Light04"]
[editable path="SimpleFloor/Light05"]
[editable path="SimpleFloor/Light02"]
[editable path="SimpleFloor/Light03"]
